5.209727221932659802e+01
2.103153333279777115e+01
1.413986623901873827e+02
5.209727216202450961e+01
2.103153314423015274e+01
1.413998245187103748e+02
5.209727212128520080e+01
2.103153295566253433e+01
1.414033538121730089e+02
5.209727208606682325e+01
2.103153276709491948e+01
1.414076721612364054e+02
5.209727208694960154e+01
2.103153322806154435e+01
1.414101303610950708e+02
5.209727211984851181e+01
2.103153317776271081e+01
1.414022109359502792e+02
5.209727206994543280e+01
2.103153299757823191e+01
1.414065340962260962e+02
5.209727206155152146e+01
2.103153280586428764e+01
1.414110632874071598e+02
5.209727212004385422e+01
2.103153325424560194e+01
1.414072633692994714e+02
5.209727213641129140e+01
2.103153317776271081e+01
1.414045780999585986e+02
5.209727210179833179e+01
2.103153332234535000e+01
1.414075766596943140e+02
5.209727215407200163e+01
2.103153318299952090e+01
1.414055828107520938e+02
